0.001 0.7050685307908217 0.00027550081098052674
0.003 0.7056586871785975 0.00028412051792543416
0.005 0.7064345537740314 0.0003240860203139153
0.007 0.7073682735937024 0.00032867439822475476
0.009000000000000001 0.7100001624340031 0.00034574525892215884
0.011 0.7156225030336786 0.00046642357141532087
0.013000000000000001 0.723345250487364 0.0005369396156692074
0.015 0.7324201710012895 0.0005351406025869722
0.017 0.7428760916910458 0.0005815915523648766
0.019 0.7541728014155353 0.0006189028333887258
0.020999999999999998 0.7657296854867152 0.0006592305092382961
0.023 0.777906293132916 0.0006236912628647344
0.025 0.7901006045419073 0.0006226181906594609
0.027 0.8022082631040328 0.0006396090758530132
0.028999999999999998 0.8150743049343938 0.0006170094417379089
0.031 0.8275406303650977 0.0006445370299063437
0.033 0.839602637994294 0.0006131260620723279
0.035 0.8516962649217804 0.0005870689613989463
0.037 0.8633759460072894 0.0005651842528606432
0.039 0.8752490682124244 0.0005280778448768886
0.041 0.886415549637042 0.0005109785111622764
0.043 0.8973405491776201 0.0005474108767070883
0.045 0.9080351579455216 0.0005488790747437797
0.047 0.918376562951289 0.0005195746354688308
0.049 0.9277501249647946 0.0005333572154902483
0.051000000000000004 0.9370373333284311 0.0005141729825055543
0.053 0.9460800977486451 0.0004806717583786766
0.055 0.9542500365064328 0.00047880101570252695
0.057 0.9620074128661966 0.00041668503396043497
0.059 0.9692293025198085 0.0003971437575445921
0.061 0.9759224107320615 0.0003435894552323255
0.063 0.9814912166111562 0.0003034713238685469
0.065 0.9865845804886528 0.00035945087380463643
0.067 0.9904002154858589 0.0002898774519825399
0.069 0.9931136316953229 0.00029302360735800287
0.07100000000000001 0.9934222144130925 0.0002829095453734448
0.073 0.9934998265933662 0.0002950512745844823
0.075 0.9938560757511391 0.0002700152432051572
0.077 0.9935334743772759 0.00029294743041301724
0.079 0.994204892649394 0.0002800318227997129
0.081 0.9945971804580043 0.00030814630966139454
0.083 0.99491437825859 0.0002604288511700796
0.085 0.9955276411524614 0.0002695997085622137
0.087 0.9961331135099276 0.00023790858297294932
0.089 0.9964627414459912 0.00026350988572221783
0.091 0.9971206270224187 0.00025141624648223205
0.093 0.9975784826885548 0.0002606944538453398
0.095 0.9984797340827173 0.0002810020335842445
0.097 0.9982261134215962 0.000343688954545122
0.099 0.999085022356191 0.0002651991274060045
0.101 0.9991025746496225 0.00035793129397855355
0.10300000000000001 0.9998626838981676 0.00028810173166687804
0.105 1.000428559321236 0.0003166579357321803
0.107 1.0003698531104877 0.00035972947477327065
0.109 1.001191848388054 0.0003095398418571875
0.111 1.001673681120764 0.0002766106929097554
0.113 1.0020507831344085 0.000314306395842607
0.115 1.0024752477003178 0.0002933179368999992
0.117 1.0024804399682323 0.0003007925606638522
0.119 1.0031268719933422 0.0003255173660861119
0.121 1.0032212422830178 0.00027406018970754765
0.123 1.0037173350270032 0.00029120292157176525
0.125 1.0041904841999034 0.00023762756183544123
0.127 1.0042045494115188 0.00018402614161746865
0.129 1.004276563846144 0.0001736754294328672
0.131 1.0049531836197498 0.00021232875023612089
0.133 1.0054813557308562 0.00018508761012617244
0.135 1.006213633341357 0.00015271293960433948
0.137 1.0066811492901915 0.0001859426660460102
0.139 1.0070529884949537 0.00022051796016036117
0.14100000000000001 1.0076558602925572 0.00025274093734275235
0.14300000000000002 1.0077915975722243 0.00020759077209468168
0.145 1.0084446140034962 0.00027570954397959917
0.147 1.0087761000137918 0.00033024300900201856
0.149 1.0096101288816304 0.0003405908993422673
0.151 1.0103084032197676 0.00035698498030787055
0.153 1.0108687924854263 0.0003382703830013841
0.155 1.0117375859050328 0.0002869007239444678
0.157 1.012112572585608 0.00028798999593266923
0.159 1.0130696576615623 0.000288155460401617
0.161 1.013800666379755 0.0002581139814613041
0.163 1.01396769949706 0.00022256865196132472
0.165 1.0148292971058828 0.00026767688452846675
0.167 1.0149268990353641 0.00023151069758973398
0.169 1.0151065269546973 0.00022990076973030527
0.171 1.0155620598128063 0.00017166078830848847
0.17300000000000001 1.0157350142791266 0.00018564784448954583
0.175 1.0163021306127913 0.00022658344887248552
0.177 1.0164304403628144 0.00025622758101400816
0.179 1.0164791520586083 0.0002646935017090735
0.181 1.0167417872905187 0.00025579778240287924
0.183 1.0167423272923624 0.00027713793713586495
0.185 1.0173115874289829 0.0002893823304777881
0.187 1.017409825031785 0.00026111789660802117
0.189 1.0178792286165632 0.00028135664332373556
0.191 1.0179628989163667 0.00029340514880441156
0.193 1.0180722379083778 0.00020356942419630782
0.195 1.0187307270088606 0.00023412560179216472
0.197 1.0186575023516393 0.00021069410548986092
0.199 1.0190519806468705 0.00018778100595530166
0.201 1.0191776077466896 0.0002294424366807387
0.203 1.0195704633062799 0.0002309536099999297
0.20500000000000002 1.0202776733893704 0.00024059725657025574
0.20700000000000002 1.0201438108210839 0.00023290570473717264
0.209 1.0207149044453503 0.0002167349665739043
0.211 1.0207823398485105 0.0002193135589950257
0.213 1.020640579263374 0.00024159448279700003
0.215 1.021116554499967 0.00022007325632573255
0.217 1.0213677156553007 0.00017834307135888245
0.219 1.0216935467694546 0.00014849864097806219
0.221 1.021599370716323 0.00019201876842191246
0.223 1.0217311996885488 0.00014379909849792868
0.225 1.021535605208381 0.00020165519855342768
0.227 1.0219565197786462 0.00020059799390869556
0.229 1.0213522674894935 0.0002080202277486954
0.231 1.0214775965955265 0.00019894787235875803
0.233 1.0214863620628871 0.00020124592819284085
0.23500000000000001 1.0213994563329767 0.00022356040621478792
0.23700000000000002 1.0212169820107575 0.00020981999950409644
0.239 1.0211541710750451 0.0002518951489846335
0.241 1.0209734333252327 0.0001925037131891544
0.243 1.0208341210086997 0.0001890764397193559
0.245 1.020437245749358 0.00022125006149506014
0.247 1.0203830928943567 0.0001686561673509142
0.249 1.0199321695592216 0.0001636486792943658
0.251 1.0195955908452365 0.00015363196108796116
0.253 1.019428003366765 0.000171675342177341
0.255 1.0187205723107433 0.0002048513017772567
0.257 1.0186189711461227 0.0001513465831670807
0.259 1.0183295369025986 0.00020901843609838903
0.261 1.0184027062072472 0.00025595446326066987
0.263 1.0177879244062058 0.0002844589322903877
0.265 1.0177497303359417 0.00030497102389306474
0.267 1.0176940181731275 0.00026811213283059465
0.269 1.0174834956207082 0.0002475454538571125
0.271 1.0173234788498797 0.0002284472022202811
0.273 1.0167657692292942 0.0002609656057676109
0.275 1.0165792554387174 0.00026064744106014216
0.277 1.0161992350464737 0.00032637641355206994
0.279 1.0160172677879329 0.0003096332355240171
0.281 1.016065698689438 0.0003248056177675165
0.28300000000000003 1.0154452867080952 0.0003096256282433612
0.28500000000000003 1.015457961357472 0.00024191718240338858
0.28700000000000003 1.0147577824488245 0.0003247146994488172
0.289 1.013702916862877 0.00044990557023756855
0.291 1.0133472338308878 0.00035892594269752926
0.293 1.0135400076052294 0.00020091919327019315
0.295 1.0128379223401207 0.000204397698244186
0.297 1.0121811666974327 0.0002415107273617072
0.299 1.0113903374453306 0.00021039579144371077
0.301 1.010800930450083 0.00024144816961008638
0.303 1.0101291220496815 0.00024863778808686894
0.305 1.0096619764482315 0.00019960779031776734
0.307 1.0096013205260463 0.00027671465041302797
0.309 1.0081314687815233 0.0003587271899931563
0.311 1.0080135642024064 0.0004022787205898121
0.313 1.008064828806633 0.0002588098638021376
0.315 1.0078203209774712 0.0002937705623413083
0.317 1.0076087720179265 0.00029774928461156146
0.319 1.0070608530801974 0.00027224880137818213
0.321 1.0069398148002948 0.0002589690225014696
0.323 1.0064785080614866 0.00022334907345157636
0.325 1.006073543640234 0.0002738586547142022
0.327 1.0055541165087252 0.0003521874485461664
0.329 1.0045253489179382 0.0005018285371794495
0.331 1.005058730966171 0.00038287748672861683
0.333 1.0046148649089977 0.0004023388272284796
0.335 1.0042234111932464 0.0003715501734341578
0.337 1.0043990200730895 0.0003320815000813394
0.339 1.0036753508311729 0.0003224581265804617
0.341 1.0030019866491524 0.0002696529900887609
0.343 1.0026682210141247 0.00021160422067762716
0.34500000000000003 1.0022658812769305 0.00024910631102331623
0.34700000000000003 1.0023284185138517 0.00021798714989378185
0.34900000000000003 1.0017403700240846 0.00025999700746530657
0.351 1.001672054519108 0.00024955186390921265
0.353 1.0011231096099853 0.00028203307856557153
0.355 1.0004441771884198 0.00022897291501357292
0.357 1.0000533420176012 0.0002402806037740519
0.359 0.9996630110943493 0.00019727742762518455
0.361 0.9995972343931772 0.00020753600674492905
0.363 0.999065511208906 0.00024366140581547424
0.365 0.9984273682324473 0.0002775974623703462
0.367 0.9985629794139641 0.00023614623873362134
0.369 0.9979131796307882 0.00021317906449269488
0.371 0.99748375231131 0.0002774609617114825
0.373 0.9977771123093938 0.0002094168738611383
0.375 0.9974396880358881 0.00017536794964709314
0.377 0.9972873323890238 0.00018901603328168385
0.379 0.9969383409717878 0.00018013999116160484
0.381 0.9972390942265535 0.00021065937576780322
0.383 0.9968097903026597 0.000214102125337632
0.385 0.9963246900020756 0.00017824742810361287
0.387 0.9964392330761608 0.00020459899187666748
0.389 0.9960985088782108 0.00019961110391925415
0.391 0.9958525909393595 0.0002249498685846556
0.393 0.9956187069479732 0.0002554875380897533
0.395 0.9953790207790333 0.00022211656007039207
0.397 0.995141294817042 0.0003376446616318275
0.399 0.9947694703761362 0.0002674882670030561
0.401 0.994029792993296 0.00031443598756558357
0.403 0.9943262948600267 0.00028460785552583733
0.405 0.9933002008599584 0.0003312859934710089
0.40700000000000003 0.9911818926751493 0.0003553688444127158
0.40900000000000003 0.9875935643111653 0.00035307144216615937
0.41100000000000003 0.9826691140201329 0.00040621521586527707
0.41300000000000003 0.9769028561934595 0.00042583436917330373
0.41500000000000004 0.9703245434253871 0.00040069479876363466
0.417 0.9632531266081648 0.0004447987787028788
0.419 0.9553964484235767 0.00043577891882135423
0.421 0.9474955812937499 0.00045281187467498285
0.423 0.938657778385905 0.0005006328862783448
0.425 0.9295194585953472 0.000538977646373614
0.427 0.9199345704876633 0.0005191387016520793
0.429 0.9096824344191572 0.0005996794824769001
0.431 0.8999522397922823 0.0005536051858849338
0.433 0.8893853298755132 0.0006160899034726729
0.435 0.8782886719054886 0.0006319198523292607
0.437 0.867328348923126 0.0006312903214278264
0.439 0.8559954457585774 0.00066856248136991
0.441 0.8453866419771362 0.000601787140335634
0.443 0.8343141223222008 0.0005686304212378307
0.445 0.8232460155166876 0.0005505990105485475
0.447 0.8116035449279738 0.0005835021397240613
0.449 0.8008018483184922 0.0005797155550521292
0.451 0.790214084478214 0.0005368816214833719
0.453 0.7798007581057008 0.0005746303156472218
0.455 0.7696213538818474 0.0005138561143899399
0.457 0.7597779804725205 0.0004882425840896192
0.459 0.7506694648714991 0.00048801555044912997
0.461 0.742870655909967 0.00041033046225998375
0.463 0.7362480482046667 0.0003377169970586458
0.465 0.7315165845940428 0.0002958087626376737
0.467 0.7299268685108972 0.0002047444213949123
0.46900000000000003 0.7293454364275519 0.00020889207605951182
0.47100000000000003 0.7292354572116118 0.00025194754347364925
0.47300000000000003 0.729335483581945 0.00024701060940198236
0.47500000000000003 0.7295812194800666 0.00025669790129097454
0.47700000000000004 0.7296049785272388 0.00023592028666584604
0.479 0.7290327174800229 0.0002983304965927404
0.481 0.7295183451147602 0.00023243190333126608
0.483 0.7293550306919233 0.00020399967264032837
0.485 0.7292159011824877 0.0002576859640733632
0.487 0.7296863700426068 0.00026732571338063555
0.489 0.729418603536298 0.00031122490945141785
0.491 0.7294945807012568 0.0003174174928284514
0.493 0.7298548355520182 0.00029709496356622185
0.495 0.730487290610593 0.0003155502791213711
0.497 0.7346271927201302 0.0004034118261932809
0.499 0.7403889676942043 0.00046874560716292184
0.501 0.7480192052309725 0.0004869735273322456
0.503 0.7566092868876614 0.0005452875646697596
0.505 0.7657158745999307 0.0006033177668790914
0.507 0.7761346559314152 0.0006177311732036325
0.509 0.7863718157564253 0.0006811705885694509
0.511 0.7973891135338653 0.0005824524871336868
0.513 0.808480546683367 0.0005719129463187389
0.515 0.8197350347309091 0.0005401201159737473
0.517 0.8313993971905197 0.0005453129462232114
0.519 0.8422251473005054 0.0005263009130993765
0.521 0.853295213937384 0.0005193750757308953
0.523 0.8644508734779685 0.0005030571842268007
0.525 0.8741943676327156 0.0006027903089805772
0.527 0.8859062650836086 0.0004996074746989051
0.529 0.8957557669546277 0.0006220422522330634
0.531 0.9063623413435513 0.0005349890632073508
0.533 0.9163589173641646 0.0005588992864043123
0.535 0.9260784260698125 0.000479648337849867
0.537 0.9354178465422703 0.0004994757024039994
0.539 0.9438899629237419 0.0005007642258622736
0.541 0.9522283283470016 0.00045061894590079195
0.543 0.9600970596793882 0.000426829195316676
0.545 0.9672410824918449 0.00043196910596570787
0.547 0.9740730228142219 0.00042556969631246005
0.549 0.979406333394674 0.0005159761037825696
0.551 0.9843416600915964 0.0004773123879565991
0.553 0.9887312058165527 0.0005051087624919719
0.555 0.9917777433712283 0.00034554413386163227
0.557 0.9923120567503366 0.0004557744968013869
0.559 0.9927962381317557 0.00040917092657202417
0.561 0.9927896510262185 0.00047055465184378086
0.5630000000000001 0.9935158850848176 0.00040002008209517816
0.5650000000000001 0.9938455244840495 0.0003445392982761536
0.5670000000000001 0.994281281591186 0.00037644606695224774
0.5690000000000001 0.9943966053214828 0.0003676397471881447
0.5710000000000001 0.9943854426183065 0.00045376221682802545
0.5730000000000001 0.9951524616298566 0.00039520731842683634
0.5750000000000001 0.9948618514243027 0.00032440935869875473
0.577 0.9948998851660258 0.0004022735935658505
0.579 0.9953673263027325 0.0003990025926183107
0.581 0.9958569209390471 0.0003183424912750892
0.583 0.996304049762746 0.0003035335511469887
0.585 0.9962987416854738 0.00031173540190818436
0.587 0.9971963456552615 0.0002685175833475232
0.589 0.9969704215919218 0.0004156296409279722
0.591 0.9974618783244926 0.00033617353966334813
0.593 0.9975582686199737 0.00036819181074886846
0.595 0.9977892804489629 0.00039659149969798016
0.597 0.9980515130422779 0.0004183185415179212
0.599 0.9984574910385006 0.0003295062283909426
0.601 0.9987722013089967 0.00032455459815545606
0.603 0.9991833855816685 0.00029770601375099086
0.605 0.9993613246243133 0.00034497738122298574
0.607 0.9992860941061273 0.0003442862157484724
0.609 0.9995679153271829 0.00040626323932039794
0.611 1.0000133404433769 0.0002573995162944719
0.613 1.0008295720720655 0.00026351983268468833
0.615 1.0010514025994504 0.0002948007089922953
0.617 1.0010024389852499 0.0003689619358656526
0.619 1.001451447236636 0.00047503683413679086
0.621 1.0016006753414786 0.00040628612335259724
0.623 1.0023148275070355 0.0003717341491098668
0.625 1.0029051330253236 0.0003171162633304474
0.627 1.0034180882007566 0.00032080981714309025
0.629 1.0031028640346908 0.0005271039366111397
0.631 1.0041467207828614 0.00038792260866737097
0.633 1.0049150744050466 0.00038264369269666186
0.635 1.0046915585211973 0.00041813875324989277
0.637 1.0056225378810058 0.0004084559590797098
0.639 1.005638337718461 0.00047390436978853105
0.641 1.0060156644042662 0.0005175060420565962
0.643 1.0066495336436543 0.0004061042086210406
0.645 1.0075128646881404 0.00028269311057461596
0.647 1.0077170952348247 0.00028498658435215893
0.649 1.0081701414073672 0.0002661359101029517
0.651 1.0085299318822059 0.00035664462976130857
0.653 1.0086947809011457 0.0003444919837489068
0.655 1.0091662354076798 0.0003125516122570284
0.657 1.0102827842570656 0.00025764186829489087
0.659 1.0101883871741217 0.00028513309121893586
0.661 1.0103522777934442 0.00033139558056431755
0.663 1.0104722918039335 0.00041109009544275523
0.665 1.0109542326401506 0.00038413583149859623
0.667 1.011240029662107 0.000546856546685606
0.669 1.0117387777218483 0.00035830924800810934
0.671 1.0121869185583976 0.0003358588131558959
0.673 1.0126492522598427 0.0002681384946585978
0.675 1.012860065662938 0.0002674903632250216
0.677 1.0127837463793157 0.0003669792615579052
0.679 1.013159810651009 0.0003190951038347469
0.681 1.0135558302659013 0.00029139856117979345
0.683 1.013474023502624 0.00039209654296257007
0.685 1.0138348632272205 0.0003649875119231659
0.687 1.0139652088221887 0.0003420519298398985
0.6890000000000001 1.0144073914367118 0.00027767682265204477
0.6910000000000001 1.014374899719826 0.00031709107687499685
0.6930000000000001 1.0148750313646144 0.0002765640926119832
0.6950000000000001 1.014777664286647 0.00032532686159990375
0.6970000000000001 1.0153834804881707 0.000214902847857602
0.6990000000000001 1.015324311738432 0.00027843417987629754
0.7010000000000001 1.0154689788912892 0.00021704944382114596
0.703 1.0157981425038287 0.0002518009148092477
0.705 1.0159304569155512 0.00033597976716023565
0.707 1.0160514016883646 0.00034587829395459096
0.709 1.0165454443227253 0.00023837455155281283
0.711 1.0162274334199153 0.0003486421415825038
0.713 1.0167277184731225 0.00025132026978656323
0.715 1.0168195378571063 0.0002812606448167097
0.717 1.016832371772832 0.00032910662395274295
0.719 1.0171270961245715 0.00036160479368510263
0.721 1.0171205376956325 0.000396272317452158
0.723 1.017855840549109 0.00032254500894599833
0.725 1.0179333029591708 0.0003138152783326417
0.727 1.0175833854475607 0.0004423569821983331
0.729 1.0177061070201725 0.00043775941791437614
0.731 1.017362113816272 0.0003888471461972142
0.733 1.017710318820752 0.0003692554810211471
0.735 1.0173926329824032 0.000431008453542175
0.737 1.0175383722890023 0.0004138254671963068
0.739 1.0174857882166857 0.0004880786951975165
0.741 1.0172031406980264 0.0004701754800743965
0.743 1.0174090265309972 0.0004243173429382986
0.745 1.0173648676989222 0.000366757710267312
0.747 1.0173886922003021 0.0003984912617782844
0.749 1.0175127566036368 0.00039910836282999106
0.751 1.016782588584493 0.0004218595956693515
0.753 1.0172033477362254 0.00037134329157583124
0.755 1.0169243225915303 0.0003106451585226738
0.757 1.0168563937467814 0.00024700543915854645
0.759 1.0164231289099928 0.00035018828126913654
0.761 1.0160827639382906 0.0003154511947201085
0.763 1.0158673626506907 0.00027874173503475224
0.765 1.0156394956104506 0.00027863957873482744
0.767 1.0155021579060923 0.00028877741034867815
0.769 1.0154440954608857 0.00026558180344713297
0.771 1.0152232617672212 0.00023718100940544064
0.773 1.015189749621924 0.0002677246101690398
0.775 1.014850325294263 0.00026116871845338873
0.777 1.0150859334228406 0.0002679501233142485
0.779 1.0146403141924119 0.00028325426859550666
0.781 1.014646838893535 0.0002263017460600925
0.783 1.0146737468431513 0.00022646763227098234
0.785 1.0143491196488366 0.0002440752025857194
0.787 1.013592448713036 0.00035655255247734534
0.789 1.0137182534000504 0.000296166245738178
0.791 1.0131951084568087 0.00033612886326007214
0.793 1.0132340417917847 0.00035779680390880315
0.795 1.0130185971335983 0.00037010703186932543
0.797 1.0123463563484554 0.00038669728199715797
0.799 1.012946321114079 0.0003237375781758086
0.801 1.011926652453315 0.0003569355882817406
0.803 1.0121844622098066 0.0003051265107013461
0.805 1.0122717594110775 0.00026345176935494666
0.807 1.0115359303067644 0.00030914951371370487
0.809 1.0109665328862143 0.0003315138062615306
0.811 1.0104320272240992 0.0003178255000524328
0.8130000000000001 1.0103380493682033 0.0002767865637798051
0.8150000000000001 1.0098637927233147 0.00027594671743256404
0.8170000000000001 1.00925609725431 0.00022916740979905687
0.8190000000000001 1.0090201093887554 0.0002828290596771171
0.8210000000000001 1.0085104620603904 0.00021871152254548747
0.8230000000000001 1.0082608989423767 0.00022082123954453474
0.8250000000000001 1.0076102555482764 0.00021874077808046763
0.8270000000000001 1.0071334547024349 0.0002074348048339622
0.8290000000000001 1.006986601977425 0.00019929989690624524
0.8310000000000001 1.0063574871311993 0.00030947035798611775
0.833 1.0064425873185805 0.0002887602442723808
0.835 1.0063436837365292 0.00024125572730172642
0.837 1.0057798697962028 0.00032945522043776416
0.839 1.0054037332289436 0.00027494368462586537
0.841 1.0051031937126538 0.0003027835046076174
0.843 1.0052619351615626 0.00028347724500875365
0.845 1.0050107409041071 0.00025082476649962557
0.847 1.0044772358278893 0.00027184947184400306
0.849 1.0044801424082497 0.0003356358111754658
0.851 1.004042228530414 0.0003034939569468955
0.853 1.0039514122428692 0.00029252135037744636
0.855 1.0036813014491117 0.00026595339083963565
0.857 1.0031839384478052 0.00032498512471086476
0.859 1.0035010785572005 0.000298878072443486
0.861 1.0027514558059831 0.0003061494972115286
0.863 1.0024796312958515 0.000323670785376952
0.865 1.002106040540901 0.0003344921011573575
0.867 1.001395696693177 0.0003288633421013625
0.869 1.000931944047593 0.00035880960213186875
0.871 1.0006854588253489 0.0003641278054307974
0.873 1.0002597142522367 0.0003441713463452959
0.875 0.9997782937668678 0.0003389047827525102
0.877 0.9994032129821031 0.0003053354220635634
0.879 0.9991170176701321 0.0002870654148200645
0.881 0.9983202311208708 0.0002978344287632104
0.883 0.9981006128151624 0.0002926251091382843
0.885 0.9982428128061778 0.0002802744593304291
0.887 0.9975315316063663 0.000322914175732809
0.889 0.9973603655799548 0.00029815615780551366
0.891 0.9971034930845226 0.00030576301095771625
0.893 0.997045910133552 0.0003110859937543398
0.895 0.9968874240328544 0.00031573288408745834
0.897 0.9969356483677094 0.0003467473177108624
0.899 0.9969345269838489 0.00041496368785201153
0.901 0.996736550441582 0.0004061452655087814
0.903 0.9963637067617259 0.0003829571256415844
0.905 0.996828324161813 0.00035360792188799956
0.907 0.9967066466133558 0.0003449777543371815
0.909 0.9968744335823786 0.00029761636134169523
0.911 0.9960105670568514 0.00041785694476131934
0.913 0.9961759271416238 0.0003513265556258501
0.915 0.9961086163367799 0.00034739358722639873
0.917 0.9958234914912208 0.00035808708292782074
0.919 0.9956942658458353 0.00031094015421530193
0.921 0.9944561007106941 0.00034997051052655756
0.923 0.991557868824259 0.00038324146588999627
0.925 0.9876064375872574 0.00036702442031791006
0.927 0.9820439290087346 0.00038618871856269875
0.929 0.9759160833492371 0.00043730923982087863
0.931 0.9687698022056211 0.0005063725785371906
0.933 0.9607698804104646 0.0005790971246919766
0.935 0.9527083438378917 0.0005868702016626412
0.937 0.9432010981363462 0.0005912609341790571
0.9390000000000001 0.9339732742886443 0.0006734708323475758
0.9410000000000001 0.9237380931307746 0.0006723676135165286
0.9430000000000001 0.913658674252089 0.0006799640179312555
0.9450000000000001 0.903181849094912 0.0007220886318327691
0.9470000000000001 0.8913488709104058 0.0006221182117944973
0.9490000000000001 0.8804410040490308 0.0006853431102023156
0.9510000000000001 0.868347345923888 0.0006760796780681631
0.9530000000000001 0.8567089911557887 0.0006685167081257537
0.9550000000000001 0.8443829279191674 0.00065642178101611
0.9570000000000001 0.8320467531668593 0.0006495355525359813
0.959 0.8197411291044516 0.0006744698339213976
0.961 0.8071198708079288 0.0006495881341133246
0.963 0.7950985246373852 0.0006951651933589824
0.965 0.7829887989446905 0.0006381433751253909
0.967 0.7711047635439671 0.0006458287453317454
0.969 0.7598845389243023 0.0005909387668084611
0.971 0.7481901678962608 0.0005780629977859836
0.973 0.7378685305250875 0.0005492595704207654
0.975 0.7276443939494702 0.0004795531069404441
0.977 0.7186183281740384 0.00044110825436771185
0.979 0.7121560666785834 0.0003677537886394056
0.981 0.7077567091536766 0.00025986188529856727
0.983 0.7068119545129501 0.0003002244749348586
0.985 0.7059905301872501 0.00030063922501441336
0.987 0.7049744772195914 0.00026936110560300217
0.989 0.7048482937154752 0.000256010193531213
0.991 0.7043669467970424 0.0002715473167911015
0.993 0.7043843774656132 0.0002614166263268211
0.995 0.7042359593722964 0.0002680090112300039
0.997 0.7045134296550206 0.00023331106562398665
0.999 0.7047756861237043 0.00029188062747332086
